 [ {FALSE}              ; This mode not supported by VIDC, so not used
V32tab1
        VIDC_List 0,36,73,24,320,24,35, 3,18,18,256,17,0,8000,0
 ]

V32tab2         ; MODES 1,5
        VIDC_List 1,36,73,24,320,24,35, 3,18,18,256,17,0,8000,0

V32tab2T        ; MODE 6
        VIDC_List 1,36,73,24,320,24,35, 3,18,22,250,19,0,8000,0

V32tab4         ; MODES 2,9
        VIDC_List 2,36,73,24,320,24,35, 3,18,18,256,17,0,8000,0

V32tab4T        ; MODE 7
        VIDC_List 2,36,73,24,320,24,35, 3,18,22,250,19,0,8000,0

V32tab8         ; MODES 10,13
        VIDC_List 3,36,73,24,320,24,35, 3,18,18,256,17,0,8000,0


V64tab1         ; MODES 0,4
        VIDC_List 0,72,145,48,640,48,71, 3,18,18,256,17,0,16000,0

V64tab2         ; MODE 8
        VIDC_List 1,72,145,48,640,48,71, 3,18,18,256,17,0,16000,0

V64tab2T        ; MODES 3,11
        VIDC_List 1,72,145,48,640,48,71, 3,18,22,250,19,0,16000,0

V64tab4         ; MODE 12
        VIDC_List 2,72,145,48,640,48,71, 3,18,18,256,17,0,16000,0

V64tab4T        ; MODE 14
        VIDC_List 2,72,145,48,640,48,71, 3,18,22,250,19,0,16000,0

V64tab8         ; MODE 15
        VIDC_List 3,72,145,48,640,48,71, 3,18,18,256,17,0,16000,0

V132tab4        ; MODE 16
        VIDC_List 2,72,215,46,1056,46,101, 3,18,18,256,17,0,24000,0

V132tab4T       ; MODE 17
        VIDC_List 2,72,215,46,1056,46,101, 3,18,22,250,19,0,24000,0

 [ {TRUE}
V64tab1D        ; MODE 18
        VIDC_List 0,56,183,2,640,2,13, 3,17,1,512,1,0,24000,0

V64tab2D        ; MODE 19
        VIDC_List 1,56,183,2,640,2,13, 3,17,1,512,1,0,24000,0

V64tab4D        ; MODE 20
        VIDC_List 2,56,183,2,640,2,13, 3,17,1,512,1,0,24000,0

V64tab8D        ; MODE 21 (NEW)
        VIDC_List 3,56,183,2,640,2,13, 3,17,1,512,1,0,24000,0

 [ {FALSE} ; not used any more
V128tab1        ; MODE 22      
        VIDC_List 2,54,39,2,320,2,7, 2,44,1,976,1,0,24000,0
 ]

V115tab1        ; MODE 23 new Unoid monitor style, 1152x896
                ; changed again 29-Jul-88 to give 64.4Hz
        VIDC_List 2,52,47,2,288,2,1, 3,43,4,896,4,0,24000,0

 |

V64tab1D        ; MODE 18 (old)
        VIDC_List 0,56,199,2,640,2,1, 3,17,1,512,1,0,24000,0

V64tab2D        ; MODE 19 (old)
        VIDC_List 1,56,199,2,640,2,1, 3,17,1,512,1,0,24000,0

V64tab4D        ; MODE 20 (old)
        VIDC_List 2,56,199,2,640,2,1, 3,17,1,512,1,0,24000,0

V128tab1        ; MODE 22 (old)
        VIDC_List 2,60,41,0,320,0,3, 2,44,1,976,1,0,24000,0

V115tab1        ; MODE 23
        VIDC_List 2,60,41,16,288,16,3, 2,44,57,864,57,0,24000,0

 ]

V132tab8        ; MODE 24 (NEW)
        VIDC_List 3,72,215,46,1056,46,101, 3,18,18,256,17,0,24000,0

